10315
10323
4122
9943
5661
10070
5268
8174
5086
5122
3843
5248
5138
5376
8055
6508
6405
8300
6161
5129
5505
3585
8178
8305
7029
6393
8175
7716
4650
6035
4496
7182
4881
5003
8290
7052
4012
7814
7050
7049
7925
4604
5396
4987
6538
6269
7309
7550
9052
8304
9964
6920
7416
5004
3747
9816
10196
5139
8173
8855
9461
6394
7688
3971
6413
4877
5377
6781
3098
6535
5766
7178
1950
7306
5395
8061
6028
9324
6149
5384
5648
7589
6671
3717
5002
6130
8188
6287
8177
6655
6786
7799
4514
7813
6756
4641
7545
2347
5511
8693
9328
6152
6880
10197
4225
3240
6677
3196
3995
10339
7816
6409
5640
6273
7926
5144
6921
6755
10195
8818
9837
8172
7681
7048
6155
5510
4497
9451
8320
7682
4139
6666
7549
9818
7673
5337
6678
2590
2844
7189
7179
5512
5649
7009
5269
6407
6414
6018
5644
6922
5517
7041
7557
7666
6144
7551
6912
6397
7427
6146
4878
5768
8417
6404
6259
7163
6626
7811
4756
6663
4750
7045
5538
5537
7341
6129
9333
8443
6395
6272
6281
6547
8557
5147
6923
6410
6156
6669
7162
10459
7672
4124
7314
6536
7177
8684
6279
6406
6286
5890
3860
5783
5771
5910
7806
7671
5539
8422
6138
6027
7797
7169
3969
7678
6534
3873
6539
9578
6550
6543
6277
7173
5145
10212
7157
5775
6753
5765
7053
6665
7315
8444
8315
10178
5636
6275
6787
6627
7532
7291
4623
5767
8657
6013
7933
9452
6673
7684
7047
6528
5774
6025
7717
7434
7655
7556
5504
7156
6540
11197
6289
6271
8051
6285
6788
6329
8324
8946
8326
8572
8420
9714
6545
5536
8942
7563
7183
7308
4224
7560
5886
6303
7040
6668
5130
3761
5336
8187
10199
6270
6789
5902
6411
4754
6659
7802
7420
7796
7676
7675
6163
6657
6257
7160
9568
5772
5892
8418
5375
6541
8570
6664
6260
6256
5895
3970
6796
7812
5212
4640
8198
5891
6157
7407
7044
6016
7677
5247
7174
5020
7307
5909
6672
5010
8325
6548
6881
9322
6537
10211
4993
6140
9329
6009
9960
7154
5901
5762
10578
6913
7683
7046
6198
4896
6021
8199
7937
6288
8549
6660
8318
7413
7554
2717
5645
6384
6274
7809
9600
5523
5747
7552
5250
6032
10381
11068
6926
6790
10458
5750
7262
6029
4266
10200
6421
8060
5464
4248
8050
8052
3473
4098
8193
4616
7172
5140
9418
3590
7428
9832
8806
7340
8317
10073
7674
6030
9702
6662
4395
5787
8697
6784
10324
4500
6785
9704
7310
9073
5894
2699
9670
9457
3878
5272
5760
5339
7301
4231
5509
7300
1427
3458
6158
6415
5084
6792
7181
3195
7296
6267
6530
12092
6008
8189
7541
7927
6652
6148
5522
3241
4710
4979
2338
6383
8185
1823
7689
8451
5898
9954
2335
4264
2693
6302
5120
5005
7282
7932
10579
6916
4205
6137
8059
5893
5887
6532
8698
9199
7168
8482
7180
8957
10081
7303
9586
10610
8302
6145
5209
6402
5899
6150
3733
7418
10469
2466
5008
5383
5270
7430
9708
6024
4227
10077
6408
6645
6282
4624
6658
5769
7670
2207
6401
6546
6793
7566
7555
8445
2469
5900
10704
6165
9946
7559
6412
7135
6935
8047
6661
6882
6403
4138
9927
7786
5128
10451
10338
7687
4647
4243
9572
6674
5635
7028
5420
3493
5519
7693
4627
4390
6670
6531
6533
8152
7426
6641
6276
11836
5146
8793
9460
8176
7547
5664
7302
3621
8058
10216
5131
7432
11714
6544
8815
6523
5773
4911
2982
5643
9206
6143
8945
7170
6007
7659
8427
7299
8824
8429
7280
7800
10452
7805
9458
9823
5896
6278
7176
7539
8561
5101
6795
6542
6453
5135
6280
4011
7565
8685
8316
7425
4487
6400
7153
9201
8831
8442
7283
6579
5781
1554
10376
6033
3972
3846
4513
8691
6386
8046
3620
7167
7292
9291
6870
7164
3748
10090
7558
6399
7042
8056
5392
5506
5647
5518
3239
2566
8912
7679
7803
6151
8944
9705
4651
5594
5877
6917
2830
6175
7039
8690
10448
4617
6147
7034
7316
7433
6268
11574
6919
7055
9584
11395
4517
9701
5127
5540
4768
9038
7810
7295
5411
4099
7795
6019
9942
5264
3760
4908
7441
10464
2843
6797
7669
7008
10337
6266
1698
5006
9438
9828
7084
10121
7424
5017
3463
7030
4955
3464
5514
8943
4889
9205
6782
5908
7290
5759
11139
4751
8564
6020
10206
4357
6010
1418
6654
7546
4498
8483
4879
7668
11264
8701
6871
5905
6915
2716
3484
5634
11623
6203
8694
1426
5267
3987
3872
4097
8814
2462
3997
8419
6324
8826
7429
7401
7808
4973
1291
5524
5751
8827
9043
7419
6794
4520
9581
7188
9819
7171
4267
6023
6071
7190
5641
3844
9838
5254
6290
6650
3720
7928
6679
5009
5266
10483
5125
10188
8854
6296
9456
4888
9321
4391
7715
8696
6511
5018
4005
5019
5639
7920
4752
3887
7561
3099
7785
9039
8820
7415
8692
7161
2983
4753
4755
4643
8545
5770
7270
6911
7260
3483
2961
3847
9727
6133
8477
6026
7548
9576
8453
8452
4101
4100
8314
10580
8450
6139
9580
4140
9292
9831
6283
6549
4393
5143
7934
6258
9728
8158
6656
9747
5507
6629
7313
4992
10738
6914
7253
1417
2334
5256
8949
5628
6807
10252
5402
12086
10250
7036
10123
4504
4230
5761
5126
4490
6754
6918
9549
9200
10964
3973
11837
8982
6031
5137
3114
4858
4892
10456
7801
9179
6264
5385
6780
5897
9585
9620
6676
7543
7765
9815
5782
6529
6783
8435
6429
10707
2589
11270
8807
11333
9602
10380
9706
5281
4904
5646
8319
7062
8702
5625
8048
3845
7213
6667
10327
11646
6284
7043
9729
10703
6791
6556
5007
4689
4268
6638
9236
6416
3888
6776
2703
7033
8822
6199
8819
5864
7931
6419
6452
4905
6757
10180
8436
11071
10000
6154
8555
6894
9582
6164
5757
8449
11077
6040
11520
7012
6924
4769
7409
8563
6770
9693
6766
8609
3990
12028
5273
9459
7417
3069
6039
6887
6197
5123
7027
5638
8817
5632
5780
8607
8569
4228
7686
5166
7431
6519
7305
4618
6011
9575
6037
5136
3225
5271
9334
6520
11500
1299
10447
6771
4199
9827
3719
9202
6527
5790
11587
5001
5399
10131
8548
11206
5508
5652
4826
4103
5498
3996
9112
8699
8431
6765
8309
4518
11248
7533
3371
5211
8308
8560
8828
4628
8328
3762
4956
5699
7421
7553
8823
5416
11713
9955
9192
7436
3610
9833
4816
5488
7804
5210
4392
6420
7422
11519
5547
7007
10596
7924
8437
6398
9939
8184
5076
8728
5879
8960
4744
10463
7343
7406
6294
4605
8057
11773
6022
2178
4903
8865
8062
4516
9074
6647
4244
10181
8434
10004
10377
10888
10499
4137
6555
9715
5516
10335
7281
11144
3113
9571
8579
3850
5863
4880
1300
8959
8739
5515
9109
2463
8064
3889
8553
3068
6167
8821
8947
11575
7304
7854
7793
7896
5382
9695
3375
5391
8700
11393
8310
7685
2597
3593
3383
8705
4389
6803
9057
7405
4394
8484
9953
8327
4953
8186
5361
8784
3863
5133
11143
2596
7035
4743
4895
6297
5208
11070
11065
11844
5193
11392
1293
9872
10247
9697
8306
9839
8438
1946
3592
6036
8562
8556
9824
8864
2842
11497
3877
7542
9086
4116
2972
7063
3605
6077
4775
6774
9821
6169
8072
4102
6513
3481
9797
11195
4859
3365
10326
4486
11015
5467
8913
8930
3831
10574
9746
8573
5349
8738
2957
5650
2465
10575
4234
9603
7389
6255
5134
11069
9707
6893
9619
8686
9573
9096
5660
4247
2575
4218
9996
8917
7538
7680
9621
9994
10462
11067
2698
6299
9565
2715
9051
8190
6907
3256
7136
8179
8323
5913
6872
5884
9868
6653
9441
9615
8666
4890
9577
3213
9449
7897
7423
7981
11373
10248
8954
5763
4983
5251
9696
5338
10333
11136
5090
10124
5223
7166
1290
11265
6582
5665
8565
4699
10831
9044
6521
8703
3988
5393
4126
3586
9235
7165
7690
8953
2066
11245
8040
5997
6202
10470
5408
11267
5850
7297
5335
3588
8783
9180
10961
8941
8737
8558
8568
11754
11374
4217
4894
7921
4862
9337
7437
3226
8312
7083
2978
9207
9748
8049
3634
8580
8675
5777
8924
9698
7943
8441
9108
5194
4980
5904
6387
8951
5258
11963
6330
5289
7294
6293
7694
8180
7312
5278
1292
3112
7544
5880
8689
4827
7507
9419
9448
3459
7535
7922
6928
11396
8688
4981
6518
4988
9751
5124
7898
8931
3986
6427
10251
4090
7298
8983
6233
3989
8833
10941
3119
5593
6743
2591
9488
9319
8952
6775
5656
8914
7293
1930
7592
7807
6292
9348
3635
3950
8687
7567
6639
8200
1173
4478
5205
3875
4104
9932
3968
4508
6070
10591
4229
11499
10633
11247
5078
3476
4519
4016
6263
2724
9694
4865
8825
10306
6207
8704
2339
3974
9616
10373
7037
9097
9191
11448
3594
10830
3382
9189
3366
2063
5949
6385
4902
1824
9743
7654
6956
5749
5723
10705
8695
9347
8577
5030
8680
8578
2692
4378
4781
2987
5950
8321
5830
10249
1931
8065
9330
11586
2206
10500
6648
3721
2565
9700
5260
6072
9968
6906
1553
8834
9361
5883
3332
5778
3462
9699
8985
10885
9873
3123
10108
4995
10761
10210
2845
7661
10758
10611
8683
9574
8409
8991
5386
8576
8829
10887
10125
11271
2464
9417
6936
8279
10005
9826
4054
9047
10955
4941
3584
6929
8830
6076
2718
3842
9174
6642
7410
10501
8969
7663
5764
7087
4851
9690
9290
5132
10759
7930
9318
7408
8659
3457
2468
4735
7252
7564
7210
10129
8536
6908
7662
6391
11372
7534
6810
6684
6685
10699
11457
6559
4757
3363
10443
10445
5915
5916
6558
9053
4271
10444
6432
10189
10568
10572
9453
5535
4495
3500
3372
6034
7158
10316
3730
6042
8299
2460
11090
9689
10567
10322
3236
5034
7783
4959
9204
9835
7903
9931
5410
3359
6041
6162
4876
10074
9054
8166
4631
5788
9834
8919
10450
9709
7395
8294
9947
5253
4884
7792
10442
4972
10065
10460
2332
7287
4370
10441
3501
6925
10319
10062
11329
6043
6937
4123
10700
3746
5624
10190
7155
5914
3884
6800
9938
7656
4883
3315
6433
4276
7938
6178
5121
10215
6811
3346
7540
10321
3858
4602
7515
10078
1697
7387
8301
9836
7051
5011
11580
9435
4882
8181
3364
7798
8932
9326
7529
6886
5085
5529
4072
9450
7815
6525
1570
6651
4991
1571
4758
5031
4763
6305
4399
5249
6798
10088
10449
3998
6649
6628
10089
3465
6136
9166
10317
3489
4362
10577
7272
8803
5907
9323
10087
3115
5789
6050
5525
5265
4270
6265
9804
7642
4222
7388
6768
10093
1420
3731
8291
8054
10573
5000
9588
5107
5534
4581
5379
2814
7289
8031
9961
3242
5513
6396
4477
4875
5659
9195
3324
8677
2337
4262
3976
9562
11456
7031
11647
10217
2474
3984
10092
4957
11205
8676
9173
2333
6423
11583
10446
11332
5666
5286
4777
4387
6295
5917
6160
10218
10344
5541
9691
2348
7414
8552
10058
3093
6883
4622
7929
6516
9194
6838
6159
7412
8421
4265
7528
8571
6012
11710
7820
7032
3367
3857
2222
6325
5697
9310
4778
6959
6809
9587
6706
5885
9950
6168
3467
7140
4709
7402
6895
4398
5543
8423
8293
10960
11581
11454
9963
3373
8551
10823
6927
4887
5162
10465
7284
9962
5758
5340
9579
5293
7212
10581
5786
10305
5415
4636
8550
3490
8298
10075
7085
8292
8182
4143
10233
7056
5012
6179
4352
7288
6298
4261
10213
6326
5013
10576
8171
8030
6683
10440
4117
2598
8804
8911
4749
9710
6748
6878
6142
10336
5257
4958
3611
5889
5287
9677
4121
11708
5035
3606
10330
4741
3499
11217
6557
4249
9713
4240
8045
4762
9820
8425
3985
5160
9463
2471
3865
3323
2687
3488
11330
10945
5380
7159
4109
2346
10457
10467
11584
4377
3729
6749
4236
7054
5106
7919
5493
7285
4349
4776
10461
3316
3070
4120
5099
3118
5695
3466
4648
7393
8671
4118
7917
6392
10340
3591
5776
930
5620
4773
10341
9197
7279
11717
3619
4351
10944
7904
7667
9332
5903
2219
8053
6704
6801
9203
7152
6526
4502
9590
4078
8670
3604
10631
4649
8018
7531
4107
5906
8544
9875
6017
7769
7468
4834
7658
9462
10468
4523
9055
6176
3237
6799
3983
6141
4630
7126
5016
7342
7784
5497
5663
6003
9046
7590
10198
6750
2947
9958
9325
6554
11579
11966
6431
5082
9196
9077
7411
4603
7394
7516
5371
5161
4272
4767
4119
6522
10325
5503
4237
6517
8096
7936
3362
4084
3360
3951
7657
9188
9675
6957
6505
10837
10342
5252
2218
3600
6381
3197
5784
6958
7139
2345
8183
6577
4095
4204
10063
4367
3245
6501
8281
5463
7665
2220
5421
8424
7064
8313
4901
7442
6524
9583
5570
9085
6686
10952
10709
300
3596
5233
9543
10320
6998
6422
6804
6425
10304
6500
10069
4494
10177
6499
9295
10054
10454
4521
9749
4893
10455
1545
9422
9564
4363
6015
3718
9589
3117
1696
9965
5530
11464
6553
7399
7175
11341
4368
4108
8032
10091
8933
9327
9674
10946
3439
4364
5142
9167
4626
8037
7286
8428
9078
5696
10594
5159
5922
4111
10962
5991
1699
2587
6772
10106
9442
5102
7692
4250
4847
10632
6841
4492
3345
6051
5088
8296
8928
11965
4475
4388
9303
9854
11078
5667
4358
7562
10592
5888
4491
4742
4597
9040
10214
8163
6426
5637
4900
7015
9210
4211
9084
11840
10466
5378
6364
9309
4269
4235
6131
5631
5633
5381
803
5288
10329
11648
3864
9802
8044
3826
7275
6467
7014
5083
4885
4077
11009
11337
2179
4909
6498
9071
4505
4113
9455
5533
4527
7918
8348
7912
10951
11198
8227
5409
6705
3603
804
10566
4515
10583
4114
9049
3716
8447
10833
4784
8811
9966
10710
4967
9170
4978
1685
3879
6132
2954
7530
6580
4071
8095
10307
2475
10258
2946
11465
4369
5413
7185
7776
4642
4396
8297
8151
10584
7392
10050
7269
8812
6635
6560
3885
7134
9241
10086
6999
5283
4583
4013
7463
10192
8916
9930
2050
3587
8446
11709
7939
9198
4275
2461
10064
7848
2190
10816
3109
3894
9042
2217
10585
5213
7947
8566
4073
6552
6052
9822
10613
4332
2588
7643
2829
6884
174
2472
4371
3825
4974
2470
10219
11517
11455
8727
8706
5295
10582
6589
1952
11707
8145
4638
8792
11834
11328
3083
7151
10084
7089
7379
2223
5412
4975
5141
10334
10626
9829
6830
5158
4200
9048
10693
6262
4874
3859
7382
3745
5397
2175
5542
2827
10232
8673
9072
5670
2342
3874
5032
6461
4613
4128
11142
3097
9688
5294
5403
5033
9111
6014
8927
4646
8980
6833
5528
7277
5911
2349
5630
11516
3616
11338
4582
6177
5545
7787
6767
7268
3767
9238
4779
11453
3944
6760
10056
12027
7137
9876
3994
3071
7660
9184
5521
8816
7596
10359
5623
6002
2970
6004
9959
9211
11901
11501
2077
5350
10963
11447
11339
5882
4085
6713
10345
8925
2971
3344
2090
3704
3992
4522
5629
1164
3232
2176
6428
7215
4635
5779
4253
8144
6038
4376
7819
2949
6514
6759
8554
11335
6681
3734
2058
3618
3110
11446
3451
8165
6153
6877
5218
11137
9814
4814
10836
1546
7439
5619
10706
9454
3337
10061
9171
4614
8478
9687
3739
9843
2459
3589
4242
3205
6454
11466
3460
9176
6625
4526
4818
5502
5234
7520
6044
7973
301
8043
3452
7850
3578
427
4907
8958
10205
9803
5405
10328
1684
172
10740
2847
4986
4846
9853
9068
8734
6551
7273
5422
6779
4912
3486
5651
7818
3868
5923
6581
4632
7254
10085
9369
9059
6805
10947
9162
5532
4125
5700
5114
4871
9175
2962
7794
6682
5465
9830
6777
6840
6835
9336
11215
2344
3982
4238
9076
6832
3856
4990
1163
11342
4868
10880
11645
8042
6885
10220
7521
11958
802
2343
11643
5791
4004
11010
5414
3338
4830
6769
928
4277
10757
3314
9601
3233
6135
9069
8861
5015
4142
2477
6965
7782
9716
7386
3321
6751
8955
8278
7211
4961
8221
9712
11971
8295
2051
4644
5658
8194
4325
5320
7397
10253
11644
6962
8567
6714
2930
6778
5285
5674
10208
7380
5752
2821
2476
3374
4002
6680
4380
11334
11502
10194
11391
7969
3238
4764
4338
6327
9308
4483
10308
4886
3732
7942
10488
10203
4446
10817
6106
3235
7403
7381
10504
2980
11344
11718
8918
4470
9070
7853
8167
9711
7259
11774
10318
5200
5406
7517
4110
8574
10201
5027
9075
10822
7025
5701
5321
4774
10204
4365
7902
6831
11521
8440
5191
8222
10943
7664
11336
5345
5255
5279
5826
5990
3853
9566
8832
7980
5087
4817
3480
3492
5742
2208
6752
5111
9801
5746
4718
10690
7968
9561
7145
5952
5077
1419
8201
5785
5259
7383
7774
9840
9338
8910
9082
3186
10332
5068
3328
12085
8735
7278
11591
9980
10737
12026
10453
10343
1812
7909
4944
10586
9037
2221
10883
3698
5672
2815
8017
2855
4136
5492
2820
5419
7267
7274
8540
8610
5548
11755
9368
4770
4003
8029
3617
9107
2988
8853
2942
5103
3502
10379
1443
5743
8611
9936
7651
6703
47
9095
11331
4017
9208
5912
8805
4760
9115
10835
8303
2180
10950
4512
7150
5292
7013
7141
10246
2205
2559
4482
5341
9434
6938
3477
6808
7088
6378
8349
3883
4001
4385
10739
9331
3067
3599
3999
8034
11839
3116
7396
5573
7720
11841
3096
801
9498
5148
4731
8842
5440
4837
3627
5374
3491
9067
7519
1951
8707
7404
7511
929
10721
9245
9495
7910
9855
3223
4960
3107
4018
9811
5214
10122
8926
10827
3977
7691
4397
5823
6632
3699
11452
6509
3876
3963
9294
2856
4852
4263
7317
7849
6166
3708
3890
6812
10079
8021
9186
2822
4815
7977
3980
2955
8990
9692
11503
6382
4952
4629
5346
5874
10882
5370
11573
2057
11345
3743
10060
10309
8226
11967
7509
8413
6306
4445
7941
6049
9812
11088
8907
11008
9234
4634
9703
11375
6747
8863
9618
7400
5222
9752
5994
8432
9083
3347
2813
8813
8546
10834
7255
3082
8543
1165
549
9563
8729
2191
6578
3438
9371
9956
1544
4141
2689
10571
3339
8322
5626
5721
4739
12093
5526
4260
7652
5574
291
3443
3835
2985
6630
6636
8229
3461
3607
8097
6459
3340
8099
8658
11835
10193
2948
3881
3622
6504
11772
3478
2210
5100
8100
9870
5653
5224
4216
7843
10995
10612
6092
7261
10057
5571
7435
3244
2067
5824
9079
2049
4906
2723
4861
7891
4637
5878
3185
9476
10068
6245
9168
6584
3108
5105
6960
11012
3072
7901
7462
6644
1444
4507
4221
6834
9474
3981
7390
5657
6643
2943
4372
6773
3194
3861
4708
4615
11959
4223
8608
4476
4000
4319
4454
6048
8956
5662
8073
8678
10956
4096
3822
3841
7142
4785
8408
6633
8613
2966
3839
2571
11458
3726
4840
7469
2473
5881
8164
9307
5327
5595
10820
9350
10066
4355
4729
9473
3866
8197
8530
3849
9436
8981
9550
4564
5373
10052
5354
7510
11833
5219
7638
5404
6172
2336
7976
5468
8474
6237
3628
7271
5390
10949
3469
6418
6707
4009
7594
9928
2177
9496
4828
4525
10436
